0051655
0126986
0165772
0397533
0433190
0485431
0517349
0529014
0610316
0635943
0653304
0677032
0711619
0754641
0757500
0782207
0840045
0880148
0901935
1123814
1133656
1172784
1173701
1203469
1230022
1296901
1302364
1310254
1322220
1347728
1362158
1399171
1401717
1425582
1429759
1434827
1464181
1472872
1483100
1496442
1503690
1504127
1521298
1526140
1534780
1561614
1578201
1579574
1586863
1596903
1609344
1615465
1617992
1624651
1657414
1659562
1660712
1664995
1706640
1727335
1768577
1768734
1776730
1780641
1781756
1787481
1787957
1790328
1802668
1812045
1836391
1851773
1852138
1894966
1918642
1920628
1925076
1925218
1933052
1934348
1938348
1939135
1943849
1961543
1971697
1977360
1993956
2034053
2048825
2049046
2050522
2051751
2058035
2070545
2071464
2084224
2090444
2093941
2096549
2097624
2101464
2102937
2104420
2123324
2128876
2129280
2136531
2141323
2144034
2147989
2158026
2166930
2167997
2170073
2177312
2177997
2182185
2184099
2186769
2188344
2188845
2191349
2198325
2201048
2211864
2214755
2214943
2220335
2229323
2249442
2271126
2308349
2315731
2325341
2330626
2331182
2336038
2338990
2342068
2342598
2344850
2356475
2359768
2360721
2363971
2366351
2366435
2366579
2367245
2374109
2376764
2380784
2383081
2389219
2391446
2392259
2393555
2398623
2411338
2412085
2412126
2412518
2413201
2414882
2419447
2423125
2439005
2440345
2441846
2443623
2444262
2446629
2447988
2450710
2452375
2453207
2456654
2458267
2472295
2475474
2482173
2486132
2487735
2487759
2491814
2494495
2504245
2507952
2522417
2525277
2528031
2536369
2539820
2543465
2547597
2548743
2562039
2562824
2563996
2579108
2593077
2605346
2605968
2616820
2619545
2620145
2621532
2627539
2630531
2635714
2638999
2644259
2648811
2650163
2653603
2654673
2660461
2664580
2666131
2666344
2668542
2678096
2692551
2694453
2695659
2703634
2708164
2709019
2710127
2710560
2713854
2725858
2726229
2745707
2747688
2762120
2765841
2767812
2781225
2786846
2797007
2807147
2812145
2813837
2814289
2821873
2823278
2824205
2825909
2826875
2830264
2835584
2837771
2838566
2841163
2845742
2846922
2852036
2853839
2854336
2854681
2855580
2856756
2859864
2866387
2872942
2874965
2876438
2877803
2878769
2886962
2888758
2889574
2891561
2895316
2897792
2898620
2898688
2899956
2903018
2903300
2908324
2910647
2910831
2911046
2913024
2913048
2922239
2928723
2929748
2932888
2934605
2941133
2941942
2943355
2944639
2946269
2947685
2949316
2958536
2959648
2965129
2969881
2974630
2975970
2981584
2987917
2988633
2990048
2993855
2997739
2999565
3008026
3011998
3012509
3019015
3020411
3022746
3023207
3043558
3050813
3052768
3053685
3065102
3066186
3068354
3071696
3071775
3073249
3074934
3078179
3082412
3091046
3095792
3097143
3105891
3115631
3123471
3126855
3131007
3143338
3146722
3151042
3151932
3154813
3164342
3166856
3167355
3168525
3169699
3173397
3184378
3186066
3188031
3188156
3190481
3191957
3192366
3193322
3195044
3197288
3197842
3198915
3203190
3206699
3216931
3217073
3225122
3225441
3226893
3227280
3234707
3243619
3247002
3247198
3249305
3257905
3262567
3267971
3268620
3275221
3277312
3277348
3286889
3288997
3296209
3298633
3313327
3315053
3321482
3322544
3324848
3325201
3325697
3326348
3327109
3331259
3340411
3353565
3357209
3363144
3363733
3368445
3368729
3371990
3383125
3385707
3387929
3391488
3394474
3395365
3418262
3418525
3420930
3421721
3423248
3436472
3441442
3444842
3445747
3446671
3448818
3463171
3464227
3466523
3467675
3484513
3484716
3485112
3485274
3486622
3486653
3487469
3491092
3496523
3499274
3509565
3512348
3515952
3516659
3527742
3537848
3545995
3548458
3563834
3568476
3576136
3578132
3580648
3580860
3581076
3584041
3584695
3586607
3589814
3590234
3590349
3591445
3593057
3593526
3595984
3597919
3600754
3605581
3613361
3615355
3619642
3628550
3630517
3635090
3637018
3641356
3642572
3647983
3668032
3669971
3670078
3670785
3671039
3675302
3676912
3679948
3680576
3684297
3685029
3687380
3688609
3689336
3690560
3698599
3704940
3711920
3724808
3729809
3730799
3735646
3735671
3741884
3743953
3747729
3755739
3755966
3765170
3766035
3768786
3772048
3776030
3777551
3777892
3778147
3780847
3783114
3790973
3791600
3799112
3801052
3801913
3804292
3804956
3807751
3809252
3812007
3813158
3819748
3827261
3833164
3838325
3839289
3846972
3847446
3857736
3858837
3862328
3870622
3871309
3876117
3876853
3881890
3891880
3906045
3914978
3916387
3920130
3923617
3926241
3934343
3936373
3955741
3961140
3965332
3972451
3974428
3975242
3978026
3978289
3980881
3982271
3983608
3987147
3990711
3990838
3998463
4000429
4006875
4016384
4021285
4022548
4024018
4024266
4025919
4026484
4026548
4034657
4041675
4046681
4065112
4068283
4072632
4073313
4077830
4088893
4093519
4094753
4098468
4102752
4105864
4108458
4108527
4114061
4121363
4121504
4129047
4129089
4133623
4145027
4154109
4174233
4181068
4191122
4196021
4198704
4199134
4199563
4209363
4214382
4214975
4218668
4219462
4221577
4222133
4225109
4227680
4232608
4234556
4246431
4248040
4251905
4254006
4264611
4268712
4271174
4274684
4281871
4282783
4286702
4287995
4288843
4298807
4299828
4300527
4301763
4305072
4311081
4314800
4315734
4316813
4318269
4319754
4320390
4321968
4325125
4328204
4330602
4331001
4332376
4336667
4343358
4346353
4347711
4350806
4351416
4353154
4355314
4360387
4365142
4368082
4368443
4369069
4376513
4376556
4379346
4380272
4383918
4384972
4385188
4385677
4389730
4394142
4397147
4397870
4400082
4402416
4404162
4404378
4405489
4408551
4415350
4418448
4425453
4426478
4429149
4434208
4435189
4443536
4445834
4453560
4455456
4459230
4459569
4466507
4468438
4470108
4473704
4474358
4478030
4480548
4483718
4486270
4493086
4494910
4495738
4496429
4500442
4500992
4503031
4508248
4509317
4512108
4513614
4516062
4518257
4525163
4527812
4529248
4529723
4530131
4531802
4533450
4533682
4537579
4544328
4545290
4548270
4554874
4555933
4556119
4562789
4564251
4564367
4569210
4569234
4572226
4574297
4574414
4580266
4580660
4582056
4585380
4590726
4592378
4603452
4605801
4609152
4609867
4615006
5009218
5009241
5017504
5022161
5023549
5029463
5030890
5033540
5034768
5035240
5035353
5035794
5041398
5041489
5044406
5045635
5048031
5050506
5051057
5052828
5054824
5055563
5056151
5059009
5060730
5077155
5079750
5081425
5083426
5083686
5085147
5085781
5087932
5090018
5090652
5090880
5093130
5096453
5102925
5108320
5108920
5109781
5111146
5113201
5113959
5114351
5114506
5119045
5119542
5125549
5128769
5130011
5130146
5131928
5135704
5138101
5140508
5142253
5146015
5147747
5150525
5153630
5155094
5156070
5156269
5156722
5157194
5158346
5164603
5166033
5167074
5175101
5181413
5183286
5184322
5184619
5185487
5187417
5188836
5188921
5189858
5190951
5192550
5195055
5195160
5196635
5200448
5201281
5203869
5204200
5205580
5207170
5209643
5211664
5212324
5216843
5217107
5219555
5231609
5235409
5235970
5237879
5237974
5242255
5244177
5244506
5245742
5246237
5246404
5251096
5254088
5257456
5257620
5257876
5258496
5260917
5264432
5265898
5273758
5274236
5276135
5277441
5279833
5282711
5286761
5286804
5289117
5290236
5292855
5297307
5297709
5299956
5301135
5302085
5303758
5304911
5306685
5306719
5307749
5311211
5311540
5311625
5311629
5312142
5312618
5312862
5315010
5315164
5317524
5319738
5320257
5322069
5322722
5323059
5323286
5324778
5327655
5329054
5329746
5331433
5331567
5332555
5332969
5333522
5336029
5336227
5336558
5336766
5338571
5338990
5340757
5341246
5341408
5343496
5344141
5349930
5350687
5350958
5351198
5351475
5352914
5353020
5353742
5358513
5360345
5360564
5360669
5361149
5363743
5364771
5365358
5366589
5367350
5367373
5368607
5370949
5374824
5374832
5375093
5375340
5378005
5380395
5381593
5384903
5385204
5385265
5386279
5386996
5388957
5389280
5390857
5393424
5393685
5394360
5394848
5396018
5397231
5399358
5399506
5399781
5400782
5405746
5406102
5406976
5408350
5410133
5410653
5410814
5411381
5412658
5412991
5415574
5416101
5416305
5417602
5418060
5418835
5419711
5419800
5420238
5420356
5422659
5422952
5423891
5424199
5425707
5425915
5426520
5426942
5429521
5430654
5430850
5432748
5433401
5435511
5435988
5436463
5436598
5437247
5438384
5438880
5441627
5442193
5443352
5444066
5445337
5445615
5445859
5445894
5448043
5448077
5448465
5448976
5449457
5449632
5450689
5450941
5455248
5455253
5456066
5456600
5456743
5458358
5460637
5461431
5462827
5462998
5463217
5464862
5467615
5467878
5468551
5468882
5468923
5468992
5469994
5470686
5471563
5472973
5473448
5474300
5480294
5484547
5486959
5487071
5491430
5491517
5491764
5491791
5491816
5494003
5494348
5494475
5495970
5497074
5497197
5498594
5498646
5500748
5502723
5503631
5503991
5505210
5505242
5506285
5506882
5508424
5508707
5511319
5516429
5518836
5518997
5519989
5520151
5520687
5521419
5521970
5523843
5525174
5525577
5526478
5527107
5527238
5528103
5530429
5531901
5531927
5532026
5532389
5534685
5535694
5536165
5538663
5539288
5539441
5540936
5540939
5541525
5541595
5541772
5543535
5543912
5544038
5545446
5546751
5551205
5551848
5552085
5552088
5552445
5552572
5554688
5556611
5558143
5558879
5559043
5559174
5559401
5559912
5561342
5561625
5562034
5562568
5563294
5563328
5563742
5563987
5564092
5565011
5565121
5565507
5568057
5570895
5571209
5572075
5572371
5572625
5572778
5573275
5573469
5573702
5573902
5574782
5574896
5575746
5575753
5575757
5575781
5576339
5577095
5577441
5580083
5580654
5581142
5581835
5583567
5584533
5590554
5592066
5593985
5594515
5596870
5596960
5597108
5597164
5597753
5601313
5602685
5602804
5603174
5604773
5607424
5608222
5613330
5615538
5616165
5616189
5619422
5620842
5621920
5623970
5623991
5625500
5626712
5628181
5628556
5628786
5630276
5630462
5631411
5631975
5632463
5634881
5635174
5637108
5637611
5639712
5639820
5639890
5642700
5642823
5645766
5645945
5648290
5648974
5650591
5652253
5653182
5653368
5653759
5654564
5656063
5657693
5658536
5658694
5661996
5662393
5663729
5664094
5665794
5665826
5667978
5670700
5670852
5673949
5674339
5675843
5676656
5676912
5677053
5681063
5682920
5684267
5686421
5686636
5687436
5687619
5687750
5688899
5690813
5691148
5691223
5693407
5693502
5695526
5695678
5697828
5698820
5699977
5701057
5701634
5702232
5703624
5705000
5705474
5706304
5706316
5708572
5709746
5710246
5711301
5712642
5712878
5713263
5716265
5718395
5719874
5723959
5726051
5728010
5736890
5736913
5737330
5739107
5739130
5739384
5745927
5748031
5748109
5751832
5755207
5755771
5755968
5756913
5756945
5757817
5758554
5758974
5759165
5759171
5763134
5763148
5763156
5763949
5766030
5766349
5767442
5767513
5767561
5771104
5771468
5774814
5775326
5776578
5778909
5779623
5781926
5784164
5784551
5784651
5785561
5790317
5792072
5793960
5794773
5796305
5797324
5797454
5797606
5798469
5798566
5801464
5801529
5801847
5802526
5804335
5805462
5808448
5809258
5810908
5812642
5813160
5815099
5815882
5816141
5816390
5817747
5823132
5823430
5824742
5824924
5829103
5829236
5829965
5830290
5832023
5834609
5837333
5840242
5840289
5842034
5842491
5843358
5843571
5843630
5844220
5844663
5845668
5846303
5847996
5848266
5848268
5848722
5849732
5858980
5859112
5859774
5861029
5864225
5864520
5867972
5868361
5869102
5872569
5881305
5881467
5883202
5884604
5885374
5885927
5886224
5886372
5887275
5894136
5895080
5895232
5895857
5896856
5897632
5900590
5900633
5901764
5902230
5902513
5902659
5906736
5907213
5911848
5912706
5912919
5914117
5915398
5916704
5920972
5921244
5922427
5922731
5923626
5930250
5933356
5933522
5933875
5934757
5935445
5941574
5943188
5943226
5944469
5944614
5944617
5946142
5946632
5948019
5951733
5953484
5954862
5958341
5958773
5962026
5964597
5965272
5965310
5966142
5968251
5970972
5974206
5975319
5975613
5977103
5977659
5978380
5980017
5980760
5981774
5981821
5990522
5990764
5992230
5993884
5995306
5997316
5997710
5998016
5998546
6000121
6000243
6001160
6004296
6006530
6007045
6008005
6008773
6010402
6011134
6012134
6012981
6015705
6016249
6016467
6017143
6017932
6019528
6021463
6022960
6023013
6026614
6027571
6028135
6030810
6035731
6037756
6045248
6045641
6047613
6048828
6048976
6051217
6051919
6051949
6052319
6052644
6052686
6054330
6054859
6055657
6056645
6058352
6059013
6059230
6061271
6062125
6066992
6067388
6068059
6069590
6070901
6071551
6073528
6074977
6075338
6076507
6076574
6081042
6081466
6082745
6083811
6085314
6092975
6095929
6096612
6099989
6103031
6103095
6104332
6105287
6107121
6107990
6109198
6110217
6113642
6115227
6115614
6119048
6119857
6122251
6125934
6126773
6126963
6128580
6128701
6129054
6129946
6135839
6136233
6140427
6141719
6143205
6143727
6147419
6148649
6148919
6149150
6149496
6153345
6153747
6154271
6155608
6156019
6156618
6156729
6158136
6161652
6162912
6163337
6163446
6164112
6164788
6164854
6165320
6165643
6165770
6166280
6166942
6167546
6168758
6169514
6170056
6171915
6172265
6174400
6177449
6178336
6178506
6178634
6184140
6188642
6191336
6192756
6193845
6196548
6197758
6199131
6202262
6202530
6203061
6205465
6206707
6207539
6213245
6213426
6215049
6215276
6217111
6217554
6218051
6219619
6223727
6224529
6224546
6225727
6226479
6226790
6227131
6227167
6227232
6228672
6228818
6229084
6229094
6230040
6230673
6231931
6232038
6234152
6235829
6236058
6237574
6238018
6241321
6244577
6244859
6246211
6246561
6249117
6250641
6250745
6252156
6252472
6254353
6255267
6261190
6262398
6262423
6262755
6264497
6269157
6269372
6269792
6272560
6273853
6275358
6276216
6276954
6280401
6280629
6281030
6281564
6281799
6282164
6284563
6288612
6289463
6293349
6295451
6296699
6298236
6300013
6300931
6301733
6301852
6302405
6303030
6303184
6303452
6303692
6305921
6306746
6312233
6312511
6312531
6312765
6315346
6316535
6317621
6319325
6319541
6321720
6323452
6324173
6324813
6324841
6326132
6329120
6330425
6331499
6331906
6333706
6335045
6340615
6340827
6341899
6345353
6347071
6348235
6356552
6360417
6362884
6363150
6367093
6367958
6368498
6369055
6369865
6369908
6370216
6373987
6378297
6379611
6381228
6382374
6384072
6384098
6384145
6384554
6385787
6386412
6386432
6386547
6387275
6387462
6389414
6389826
6390846
6391057
6393784
6393909
6395409
6398975
6400334
6400458
6400497
6401005
6402389
6402468
6402824
6403981
6405097
6405379
6406139
6406541
6407529
6408984
6409238
6409740
6411393
6413362
6413638
6415000
6415556
6415583
6421615
6422381
6423270
6424133
6428315
6429572
6431057
6432223
6432983
6435224
6436487
6437310
6439368
6440155
6440203
6442022
6442873
6443486
6443855
6444079
6444905
6445662
6445908
6447018
6447799
6449575
6449647
6449759
6449840
6450426
6451449
6452995
6457850
6459072
6459883
6462410
6463604
6465720
6466251
6468116
6472163
6474814
6475560
6478104
6478672
6480109
6481232
6481536
6482809
6484014
6484026
6484028
6485263
6490785
6491813
6492985
6493997
6494897
6502478
6502511
6502513
6502562
6502943
6503656
6506469
6506721
6507742
6508524
6511882
6512900
6514363
6515475
6518323
6520315
6521581
6527585
6529248
6529590
6534495
6535164
6536431
8008246
8008927
8009538
8011168
8023653
8029398
8031212
8031760
8034803
8043726
8047071
8052734
8070449
